{"labels":["ICGA_1","CNGA_1","CNGA_2","SNCG_3","VIP_6","VIP_5","VIP_3","VIP_1","VIP_2","VIP_4","VIP_7","LAMP5_1","SST_CHODL","SST_4","SST_5","SST_2","SST_1","SST_3","PVALB_1","PV_ChCs","PVALB_3","PVALB_2","PVALB_4","MGC_1","MGC_2","CBGRC","OGC_1","OGC_2","OGC_3","OPC","COP","ASCT_1","ASCT_2","ASCT_3","ASCNT_3","ASCNT_1","ASCNT_2","BFEXA","MSN_3","D1Pu","D2Pu","D1CaB","MSN_2","D2CaB","MSN_1","D12NAC","PIR","ERC_1","AMY","L6B_1","L6B_2","ITV1C_2","ITV1C_3","ITL6_2_1","ITL6_1_1","ITL23_5","ITL23_6","ITL23_1","ITL23_2","ITL23_3","ITV1C_1","ITL4_1","ITL4_2","ITL34","ITL23_4","ITL5_1","CT_1","ITL45_1","ITL5_2","ITL5_3","NP_1","NP_3","ITL45_2","CT_2","ITL5_4","ITL6_1_2","TP","ITL6_2_2","BNGA","FOXP2_2","FOXP2_4","FOXP2_1","FOXP2_3","THMGA_1","SMC","PKJ_1","ACBGM","ICGA_2","SNCG_5","SNCG_4","SNCG_1","SNCG_2","SEPGA","CNMIX","ET","CHO","ERC_2","PKJ_2","SIGA","NP_2","SUB","MDGA","EC","THMGA_2"],"matrix":[[1.0,0.00145,0.0012,0.00141,0.00147,0.00164,0.0012,0.00101,0.00107,0.00109,0.00129,0.0008,0.00155,0.00117,0.00103,0.00117,0.00092,0.00097,0.00059,0.00106,0.00111,0.00103,0.00119,0.00066,0.001,0.00076,0.00056,0.00057,0.00056,0.00051,0.00088,0.00062,0.00054,0.00055,0.00119,0.00108,0.00113,0.00149,0.00122,0.00078,0.00079,0.00072,0.0007,0.00064,0.00052,0.00063,0.00147,0.00089,0.0007,0.00068,0.00129,0.00111,0.00083,0.00067,0.00049,0.00059,0.00045,0.00049,0.00044,0.0004,0.00052,0.00059,0.00055,0.00054,0.00045,0.00044,0.00064,0.00071,0.00065,0.00071,0.00115,0.00225,0.00233,0.00144,0.00116,0.00142,0.00251,0.00269,0.00246,0.00335,0.00273,0.00152,0.00214,0.00276,0.00217,0.00322,0.00202,0.00251,0.00233,0.00268,0.00276,0.00255,0.00558,0.0073,0.00301,0.00359,0.00513,0.00654,0.00534,0.00679,0.00718,0.01193,0.01093,0.01046],[0.00145,1.0,0.4283,0.37531,0.37771,0.37258,0.38722,0.37381,0.37735,0.37455,0.39992,0.33612,0.34569,0.34536,0.32894,0.35275,0.33772,0.3326,0.28231,0.38869,0.38492,0.37585,0.40722,0.1966,0.24873,0.24894,0.22547,0.2277,0.22419,0.23309,0.30352,0.23443,0.21668,0.22193,0.29527,0.28638,0.28993,0.24422,0.22529,0.20712,0.2111,0.19872,0.20482,0.19857,0.18331,0.20177,0.24517,0.2257,0.23727,0.22189,0.27176,0.28397,0.26923,0.22327,0.19127,0.21495,0.18081,0.20064,0.18063,0.17166,0.20528,0.21824,0.20672,0.20738,0.1847,0.18609,0.23156,0.23547,0.23543,0.24708,0.2762,0.25148,0.2225,0.24644,0.26715,0.25487,0.13892,0.20008,0.15612,0.19503,0.18624,0.26299,0.25583,0.20978,0.21964,0.21361,0.26375,0.36627,0.28781,0.26307,0.28505,0.29051,0.04775,0.06833,0.11976,0.12404,0.09197,0.09839,0.12418,0.03929,0.05469,0.00808,0.01628,0.01689],[0.0012,0.4283,1.0,0.33397,0.35683,0.34277,0.38544,0.38782,0.40577,0.36142,0.38936,0.3018,0.29633,0.29369,0.28507,0.30816,0.29813,0.306,0.26108,0.33477,0.33781,0.32651,0.36204,0.21516,0.25845,0.29532,0.25805,0.25488,0.24969,0.26838,0.32529,0.27178,0.25382,0.26087,0.31291,0.31073,0.31364,0.22485,0.20647,0.19944,0.20134,0.19231,0.20214,0.19507,0.18662,0.20069,0.21994,0.21242,0.23367,0.21972,0.25378,0.28157,0.27793,0.22595,0.19856,0.21524,0.1868,0.20898,0.18688,0.17969,0.21763,0.22853,0.21641,0.22431,0.1972,0.19381,0.23386,0.23501,0.23731,0.2479,0.26836,0.22893,0.19357,0.22714,0.25165,0.23631,0.11732,0.17742,0.13241,0.17001,0.15954,0.2384,0.22808,0.18287,0.20336,0.19636,0.25371,0.34059,0.24288,0.2271,0.2457,0.24401,0.04092,0.057,0.10092,0.10744,0.07875,0.08582,0.1056,0.03313,0.04642,0.00681,0.01375,0.01422],[0.00141,0.37531,0.33397,1.0,0.38686,0.41185,0.3715,0.39742,0.35882,0.42759,0.43632,0.33894,0.33017,0.30143,0.28325,0.3102,0.28528,0.29507,0.23226,0.32786,0.32423,0.30609,0.33167,0.18023,0.23876,0.22286,0.21813,0.22236,0.2197,0.21872,0.28661,0.2309,0.21397,0.21878,0.2949,0.27947,0.28682,0.23709,0.21271,0.19142,0.19384,0.18294,0.18817,0.18303,0.16987,0.18541,0.23776,0.21915,0.22879,0.20693,0.25488,0.2502,0.23331,0.20464,0.17738,0.19842,0.17111,0.18577,0.17125,0.15984,0.18441,0.19486,0.18721,0.19015,0.16743,0.17189,0.20752,0.21482,0.21316,0.22307,0.24473,0.22988,0.20213,0.22378,0.23826,0.23272,0.13669,0.18547,0.14563,0.19082,0.17899,0.24537,0.24209,0.19888,0.20814,0.20191,0.26728,0.3468,0.34223,0.31243,0.31124,0.30772,0.04659,0.06442,0.11352,0.12525,0.08903,0.09472,0.1214,0.03768,0.05343,0.00791,0.01592,0.01628],[0.00147,0.37771,0.35683,0.38686,1.0,0.44915,0.47679,0.4394,0.41025,0.39481,0.42375,0.32487,0.33963,0.34667,0.31762,0.32673,0.30746,0.31638,0.2289,0.31753,0.3248,0.31001,0.32469,0.17738,0.23188,0.22156,0.2039,0.20659,0.20368,0.20984,0.27642,0.21503,0.19714,0.20264,0.2785,0.26637,0.27069,0.24763,0.21968,0.19594,0.1988,0.18672,0.19087,0.1863,0.16946,0.18738,0.25073,0.22574,0.22747,0.22021,0.2754,0.25838,0.24153,0.2042,0.17766,0.19956,0.17145,0.18554,0.1694,0.15803,0.18554,0.20057,0.19256,0.19221,0.16929,0.17612,0.21766,0.22055,0.22047,0.23635,0.26294,0.24869,0.21687,0.24346,0.25712,0.24461,0.14555,0.19585,0.15403,0.20144,0.19005,0.25731,0.25577,0.20843,0.22178,0.21198,0.25425,0.36272,0.31359,0.3127,0.36164,0.35098,0.04972,0.06969,0.1231,0.13581,0.09719,0.10114,0.13041,0.04144,0.05797,0.0083,0.01729,0.01738],[0.00164,0.37258,0.34277,0.41185,0.44915,1.0,0.48986,0.48621,0.41457,0.47354,0.41815,0.30153,0.31719,0.2952,0.28037,0.29714,0.2655,0.27315,0.20634,0.30584,0.31147,0.28642,0.31231,0.17046,0.23638,0.21926,0.20175,0.20502,0.20139,0.19765,0.27196,0.21022,0.18972,0.19765,0.2898,0.26912,0.27588,0.23698,0.21694,0.18646,0.19042,0.17691,0.18044,0.17473,0.15812,0.176,0.24133,0.2104,0.21333,0.19359,0.25465,0.25038,0.22945,0.19192,0.16132,0.18557,0.15513,0.17161,0.15537,0.14441,0.17182,0.18528,0.17641,0.17824,0.15439,0.15535,0.19412,0.20442,0.19816,0.21103,0.24125,0.24595,0.21997,0.23185,0.2395,0.23923,0.15074,0.20277,0.16147,0.20876,0.19999,0.25425,0.25742,0.21602,0.22961,0.22682,0.27469,0.36225,0.31156,0.31906,0.33203,0.32269,0.05365,0.07392,0.1279,0.14111,0.1018,0.11121,0.13882,0.04486,0.0635,0.00905,0.01895,0.01875],[0.0012,0.38722,0.38544,0.3715,0.47679,0.48986,1.0,0.52788,0.53104,0.49023,0.45728,0.34559,0.31529,0.32419,0.3258,0.31756,0.31731,0.31912,0.2669,0.35073,0.35316,0.33336,0.34899,0.19823,0.2483,0.26208,0.24111,0.24169,0.23676,0.24497,0.3054,0.24908,0.22895,0.23861,0.2961,0.28682,0.28826,0.23028,0.21965,0.2049,0.20682,0.19965,0.207,0.20118,0.19196,0.20616,0.24225,0.23267,0.25239,0.22733,0.26049,0.28078,0.27479,0.23026,0.20624,0.22964,0.19595,0.22048,0.19804,0.18711,0.22209,0.23364,0.22182,0.22811,0.20096,0.19887,0.23831,0.24507,0.24387,0.2587,0.26326,0.22665,0.20732,0.23925,0.26247,0.25179,0.13068,0.18426,0.14007,0.17613,0.17156,0.24817,0.23621,0.18562,0.20235,0.19272,0.2467,0.33203,0.2607,0.26828,0.29001,0.27957,0.04183,0.05781,0.10783,0.11537,0.08192,0.08716,0.10988,0.03455,0.05039,0.00691,0.01433,0.01445],[0.00101,0.37381,0.38782,0.39742,0.4394,0.48621,0.52788,1.0,0.56767,0.53998,0.47547,0.37068,0.30491,0.31816,0.31681,0.32362,0.34004,0.33644,0.30024,0.36741,0.35319,0.34422,0.35518,0.22924,0.27171,0.30459,0.29474,0.29789,0.29366,0.29953,0.34686,0.29769,0.28021,0.2848,0.31901,0.31143,0.31144,0.21948,0.20631,0.21116,0.21179,0.20721,0.22136,0.2146,0.21502,0.22195,0.22121,0.22859,0.27071,0.23624,0.24666,0.27618,0.28206,0.24736,0.23096,0.2494,0.22125,0.24701,0.22465,0.21423,0.24824,0.25833,0.24737,0.25396,0.22928,0.22587,0.25776,0.2593,0.26624,0.27441,0.26599,0.20341,0.1784,0.20975,0.24859,0.22794,0.10937,0.15786,0.11809,0.15002,0.14424,0.22959,0.21034,0.16154,0.18359,0.16918,0.23687,0.30723,0.23827,0.24276,0.25769,0.24621,0.03472,0.04765,0.08901,0.09891,0.06766,0.07178,0.09164,0.02759,0.04121,0.00563,0.01146,0.01181],[0.00107,0.37735,0.40577,0.35882,0.41025,0.41457,0.53104,0.56767,1.0,0.48786,0.49502,0.34312,0.29566,0.30773,0.31071,0.31018,0.3218,0.3192,0.29482,0.36403,0.34709,0.34355,0.35846,0.2176,0.25958,0.29961,0.27576,0.27629,0.27165,0.28131,0.32679,0.28156,0.26404,0.27035,0.30677,0.30258,0.30211,0.21376,0.20149,0.20202,0.20283,0.1975,0.2086,0.20223,0.1989,0.20835,0.22182,0.22288,0.25269,0.23135,0.24505,0.28758,0.29671,0.23682,0.2197,0.23743,0.21019,0.23526,0.21177,0.20434,0.24509,0.2533,0.23953,0.24806,0.22428,0.21797,0.24755,0.25231,0.25985,0.2726,0.26415,0.20825,0.18551,0.21861,0.25922,0.23364,0.11187,0.1619,0.12066,0.15208,0.14624,0.22722,0.21121,0.16748,0.18308,0.17659,0.23179,0.30381,0.23253,0.23614,0.25272,0.24192,0.03562,0.04875,0.09165,0.09842,0.06987,0.07564,0.09375,0.0289,0.04202,0.00589,0.01185,0.01239],[0.00109,0.37455,0.36142,0.42759,0.39481,0.47354,0.49023,0.53998,0.48786,1.0,0.50964,0.32137,0.30505,0.29418,0.29725,0.30166,0.29988,0.30655,0.26719,0.34954,0.34988,0.32375,0.35044,0.19126,0.24117,0.25381,0.24941,0.25032,0.2458,0.25004,0.30368,0.24918,0.23132,0.2381,0.28966,0.2749,0.27759,0.20962,0.20237,0.19193,0.19379,0.18776,0.19505,0.19036,0.18398,0.19559,0.22313,0.21926,0.24272,0.20803,0.23377,0.25739,0.25451,0.22227,0.19966,0.22103,0.1903,0.2118,0.19281,0.18265,0.21082,0.22025,0.21137,0.22077,0.19474,0.19274,0.22197,0.2358,0.23173,0.24113,0.23941,0.20362,0.18883,0.21117,0.23931,0.22909,0.11977,0.16598,0.12753,0.15873,0.15485,0.22548,0.21167,0.17042,0.18104,0.1774,0.2345,0.30014,0.2528,0.25185,0.25809,0.24884,0.03703,0.05142,0.09698,0.10483,0.07339,0.07812,0.09807,0.03063,0.04469,0.00618,0.01263,0.01291],[0.00129,0.39992,0.38936,0.43632,0.42375,0.41815,0.45728,0.47547,0.49502,0.50964,1.0,0.3158,0.32994,0.31518,0.30261,0.32102,0.30884,0.31863,0.26389,0.35755,0.35158,0.33809,0.37064,0.1908,0.24467,0.24657,0.23673,0.23815,0.23441,0.24125,0.30489,0.24003,0.22215,0.22751,0.2933,0.28123,0.28413,0.22633,0.20709,0.19334,0.1957,0.18552,0.19209,0.18664,0.17464,0.18938,0.23398,0.22118,0.23204,0.21274,0.25185,0.26876,0.26227,0.21713,0.18968,0.2108,0.18245,0.19927,0.18126,0.17245,0.20355,0.21596,0.20608,0.21173,0.18671,0.18687,0.22164,0.23228,0.23069,0.2426,0.25723,0.22787,0.20276,0.22639,0.25184,0.23664,0.12912,0.18042,0.1384,0.17522,0.16763,0.23846,0.22987,0.18952,0.20085,0.19787,0.25004,0.33237,0.27386,0.28224,0.29414,0.27805,0.04241,0.05959,0.10738,0.1171,0.0836,0.08979,0.1108,0.03507,0.04973,0.00725,0.01455,0.015],[0.0008,0.33612,0.3018,0.33894,0.32487,0.30153,0.34559,0.37068,0.34312,0.32137,0.3158,1.0,0.27826,0.32193,0.32607,0.31598,0.35794,0.32993,0.33633,0.36882,0.333,0.3477,0.32417,0.22437,0.2423,0.27754,0.28467,0.28827,0.28688,0.29887,0.31243,0.30168,0.29522,0.29957,0.28226,0.28869,0.28645,0.21646,0.20472,0.22035,0.21897,0.22084,0.23565,0.23108,0.2396,0.23981,0.21589,0.23891,0.28965,0.29078,0.26597,0.26635,0.27479,0.25549,0.27032,0.2787,0.25542,0.28229,0.25817,0.24794,0.27336,0.27055,0.25819,0.26404,0.25359,0.26738,0.29911,0.26434,0.29578,0.30278,0.26246,0.18046,0.16334,0.21701,0.2605,0.22818,0.10034,0.14159,0.10677,0.13408,0.12658,0.21527,0.1918,0.14108,0.15521,0.13944,0.20461,0.26095,0.23683,0.20274,0.22501,0.24494,0.0287,0.03969,0.08266,0.08543,0.05747,0.05777,0.07794,0.02285,0.03343,0.00464,0.00931,0.00969],[0.00155,0.34569,0.29633,0.33017,0.33963,0.31719,0.31529,0.30491,0.29566,0.30505,0.32994,0.27826,1.0,0.40599,0.3851,0.46431,0.4017,0.45194,0.27078,0.33882,0.41825,0.38704,0.3868,0.18082,0.22626,0.20756,0.19135,0.19532,0.19392,0.19213,0.25795,0.1974,0.18228,0.1874,0.2572,0.24921,0.2519,0.2621,0.24118,0.21241,0.21643,0.20359,0.20842,0.20247,0.1842,0.20427,0.27251,0.24804,0.24604,0.23034,0.29075,0.27105,0.25181,0.22754,0.19466,0.22292,0.19164,0.20508,0.19075,0.17715,0.20179,0.21745,0.20999,0.20229,0.18323,0.18863,0.23298,0.24186,0.24127,0.25543,0.28243,0.25984,0.23301,0.2482,0.2741,0.26434,0.1619,0.2107,0.16464,0.21043,0.20462,0.2734,0.27064,0.21462,0.22464,0.20886,0.23936,0.37225,0.27927,0.24276,0.27621,0.28526,0.05085,0.07299,0.13082,0.13089,0.10188,0.10123,0.1355,0.04247,0.0568,0.00867,0.01763,0.01757],[0.00117,0.34536,0.29369,0.30143,0.34667,0.2952,0.32419,0.31816,0.30773,0.29418,0.31518,0.32193,0.40599,1.0,0.56433,0.45996,0.53451,0.46022,0.34132,0.38598,0.40727,0.42754,0.40019,0.20082,0.23457,0.22755,0.21642,0.21983,0.21811,0.22528,0.28105,0.21831,0.20405,0.20928,0.25658,0.25273,0.25281,0.26738,0.24318,0.23318,0.23526,0.22767,0.23514,0.23038,0.21715,0.23284,0.26853,0.26059,0.277,0.25529,0.28554,0.26304,0.25587,0.24359,0.22448,0.24555,0.21788,0.22898,0.21624,0.20203,0.22334,0.24039,0.23429,0.22445,0.20862,0.21969,0.26769,0.26074,0.26811,0.28055,0.2972,0.23623,0.20181,0.23467,0.2684,0.24787,0.13874,0.1773,0.1415,0.17828,0.17144,0.25998,0.24582,0.18276,0.2007,0.17821,0.21671,0.33387,0.24371,0.20461,0.2418,0.25463,0.04079,0.0595,0.10747,0.11418,0.08281,0.08067,0.11122,0.0332,0.04523,0.00671,0.0135,0.01384],[0.00103,0.32894,0.28507,0.28325,0.31762,0.28037,0.3258,0.31681,0.31071,0.29725,0.30261,0.32607,0.3851,0.56433,1.0,0.43667,0.55168,0.47489,0.38983,0.40279,0.43746,0.44769,0.40092,0.2145,0.23493,0.24274,0.23196,0.23653,0.23487,0.24269,0.28479,0.23131,0.22123,0.2253,0.2521,0.25296,0.25089,0.26147,0.27016,0.2658,0.26781,0.26646,0.27759,0.27373,0.26761,0.27719,0.28376,0.29662,0.32794,0.27667,0.28083,0.28432,0.28334,0.28278,0.27208,0.29798,0.26259,0.28403,0.26765,0.24952,0.2722,0.2885,0.27872,0.26226,0.25052,0.25619,0.30192,0.29609,0.30566,0.31913,0.30179,0.2198,0.20235,0.24237,0.28482,0.27092,0.14108,0.1769,0.14143,0.16606,0.17048,0.26999,0.23996,0.16819,0.18504,0.16227,0.20127,0.30869,0.2188,0.18308,0.21513,0.22589,0.03572,0.05185,0.10209,0.09914,0.07479,0.0716,0.09921,0.02936,0.04084,0.00587,0.01184,0.01232],[0.00117,0.35275,0.30816,0.3102,0.32673,0.29714,0.31756,0.32362,0.31018,0.30166,0.32102,0.31598,0.46431,0.45996,0.43667,1.0,0.55495,0.56488,0.33303,0.36901,0.43143,0.44834,0.41598,0.21069,0.24485,0.24404,0.2232,0.22778,0.22631,0.22853,0.28724,0.22855,0.21401,0.21773,0.26893,0.26769,0.26649,0.25865,0.24217,0.23762,0.23911,0.22871,0.23801,0.23164,0.21837,0.23614,0.25322,0.24847,0.26624,0.25928,0.2967,0.29035,0.28148,0.2643,0.23318,0.25796,0.22261,0.24274,0.22192,0.21104,0.23995,0.25905,0.24889,0.23648,0.21871,0.22288,0.2758,0.27227,0.28026,0.29397,0.30965,0.24689,0.21615,0.24506,0.28479,0.26455,0.13614,0.19234,0.14711,0.18101,0.17616,0.26933,0.25171,0.19104,0.21072,0.18541,0.2284,0.34498,0.24669,0.21201,0.24527,0.25488,0.04164,0.06081,0.11291,0.11177,0.0843,0.08325,0.11236,0.03435,0.04658,0.00689,0.01417,0.01454],[0.00092,0.33772,0.29813,0.28528,0.30746,0.2655,0.31731,0.34004,0.3218,0.29988,0.30884,0.35794,0.4017,0.53451,0.55168,0.55495,1.0,0.5927,0.46972,0.41915,0.47505,0.5167,0.44045,0.24223,0.24657,0.27709,0.27123,0.27505,0.27374,0.28636,0.30878,0.26498,0.2583,0.25941,0.25915,0.26568,0.26058,0.2387,0.23806,0.25657,0.256,0.256,0.27409,0.26849,0.27517,0.27819,0.24949,0.27346,0.32251,0.29801,0.28193,0.29316,0.30535,0.30775,0.30603,0.31776,0.28852,0.31536,0.29239,0.28178,0.30898,0.32287,0.31111,0.29641,0.28689,0.29156,0.33622,0.31789,0.3405,0.34714,0.31892,0.20807,0.18882,0.23185,0.29,0.25879,0.1175,0.16339,0.12145,0.14415,0.1441,0.24579,0.21442,0.15132,0.16972,0.14558,0.19232,0.28865,0.20279,0.16866,0.19753,0.20695,0.03083,0.04461,0.09082,0.08706,0.06486,0.06131,0.08494,0.02508,0.03482,0.005,0.01015,0.01062],[0.00097,0.3326,0.306,0.29507,0.31638,0.27315,0.31912,0.33644,0.3192,0.30655,0.31863,0.32993,0.45194,0.46022,0.47489,0.56488,0.5927,1.0,0.41454,0.38676,0.47916,0.48089,0.43769,0.23027,0.24222,0.26501,0.25535,0.25874,0.25771,0.26836,0.2992,0.25273,0.2444,0.24553,0.2585,0.26186,0.25868,0.23749,0.23316,0.2423,0.243,0.24274,0.25671,0.2507,0.25357,0.26096,0.25023,0.2672,0.30793,0.28514,0.28154,0.29068,0.30037,0.2955,0.28505,0.30062,0.27201,0.29433,0.27296,0.26259,0.28957,0.30497,0.29531,0.28231,0.27019,0.27431,0.31389,0.30735,0.3252,0.33464,0.31118,0.21355,0.19305,0.23168,0.28731,0.2588,0.11945,0.16791,0.12467,0.14992,0.14867,0.24531,0.21791,0.15922,0.17543,0.15192,0.19671,0.30125,0.21035,0.17697,0.2074,0.21422,0.03259,0.04682,0.09293,0.09129,0.06837,0.06455,0.08858,0.02647,0.03658,0.00527,0.01074,0.01117],[0.00059,0.28231,0.26108,0.23226,0.2289,0.20634,0.2669,0.30024,0.29482,0.26719,0.26389,0.33633,0.27078,0.34132,0.38983,0.33303,0.46972,0.41454,1.0,0.43621,0.44717,0.52302,0.4327,0.26049,0.22088,0.30223,0.3141,0.31426,0.31588,0.34714,0.29114,0.29513,0.30922,0.30079,0.22352,0.23732,0.23152,0.17855,0.18514,0.22417,0.22069,0.23223,0.25323,0.25051,0.28922,0.26814,0.19545,0.2404,0.31494,0.27515,0.21248,0.27005,0.31073,0.30496,0.35048,0.32234,0.32504,0.35733,0.33438,0.34554,0.37528,0.35252,0.33847,0.33267,0.35807,0.34516,0.3267,0.30969,0.34922,0.33972,0.26463,0.14887,0.1384,0.17842,0.24449,0.20667,0.0821,0.11716,0.08617,0.09792,0.09778,0.18284,0.15088,0.11016,0.12079,0.10498,0.14576,0.19938,0.14398,0.11855,0.13426,0.13931,0.01995,0.0285,0.06026,0.05868,0.04291,0.04116,0.05475,0.01601,0.02284,0.00329,0.0064,0.00693],[0.00106,0.38869,0.33477,0.32786,0.31753,0.30584,0.35073,0.36741,0.36403,0.34954,0.35755,0.36882,0.33882,0.38598,0.40279,0.36901,0.41915,0.38676,0.43621,1.0,0.45819,0.49322,0.48038,0.23949,0.26006,0.28471,0.26938,0.27388,0.27118,0.27997,0.32545,0.27463,0.26555,0.26627,0.28577,0.29026,0.28675,0.23689,0.22761,0.23854,0.23927,0.23319,0.24874,0.24175,0.24129,0.25067,0.2434,0.24992,0.29304,0.24921,0.25674,0.30508,0.31653,0.27043,0.25123,0.26467,0.23627,0.26062,0.23915,0.23215,0.27495,0.28758,0.27306,0.26549,0.24994,0.24717,0.27998,0.28513,0.29649,0.30254,0.29904,0.2153,0.18836,0.22116,0.27094,0.242,0.11469,0.16528,0.12839,0.15589,0.15116,0.24865,0.22393,0.17069,0.18745,0.17629,0.21783,0.31257,0.22323,0.18932,0.21189,0.22115,0.03485,0.04885,0.09179,0.09636,0.06903,0.07292,0.09297,0.02804,0.03872,0.00584,0.0115,0.01216],[0.00111,0.38492,0.33781,0.32423,0.3248,0.31147,0.35316,0.35319,0.34709,0.34988,0.35158,0.333,0.41825,0.40727,0.43746,0.43143,0.47505,0.47916,0.44717,0.45819,1.0,0.5847,0.5698,0.22692,0.25328,0.26248,0.25167,0.25381,0.25193,0.25579,0.30697,0.24896,0.23559,0.24168,0.27507,0.2723,0.27257,0.23794,0.23845,0.2342,0.23692,0.23117,0.24429,0.23721,0.2349,0.24658,0.25637,0.2627,0.29346,0.26156,0.2778,0.304,0.30556,0.28811,0.26093,0.27785,0.24322,0.26935,0.24504,0.23592,0.27108,0.28625,0.27282,0.26698,0.24669,0.24642,0.28556,0.29865,0.29945,0.30998,0.30256,0.22723,0.21096,0.2444,0.28861,0.27549,0.12873,0.18723,0.13921,0.16648,0.165,0.25735,0.23369,0.17573,0.19333,0.1732,0.21733,0.32968,0.23158,0.19641,0.22223,0.23049,0.03737,0.0532,0.10087,0.0996,0.07572,0.07555,0.09932,0.0304,0.04216,0.0062,0.01231,0.01288],[0.00103,0.37585,0.32651,0.30609,0.31001,0.28642,0.33336,0.34422,0.34355,0.32375,0.33809,0.3477,0.38704,0.42754,0.44769,0.44834,0.5167,0.48089,0.52302,0.49322,0.5847,1.0,0.59854,0.23763,0.25385,0.27709,0.26084,0.26207,0.26042,0.2705,0.31152,0.2598,0.24859,0.25125,0.27084,0.27612,0.27247,0.2363,0.22806,0.23696,0.23843,0.23222,0.24716,0.24016,0.23884,0.24816,0.24815,0.25935,0.29532,0.27571,0.27818,0.31449,0.32157,0.29625,0.27808,0.28637,0.25901,0.28282,0.25835,0.2533,0.2937,0.3066,0.2929,0.28446,0.26984,0.26894,0.30288,0.30907,0.32316,0.33107,0.315,0.22269,0.20423,0.23845,0.29555,0.26745,0.12067,0.17718,0.12855,0.15604,0.15245,0.24886,0.22377,0.16938,0.18501,0.16566,0.20943,0.3125,0.21953,0.18646,0.21121,0.21987,0.03492,0.04953,0.09498,0.09449,0.07105,0.07089,0.09327,0.02834,0.03883,0.00582,0.01151,0.01228],[0.00119,0.40722,0.36204,0.33167,0.32469,0.31231,0.34899,0.35518,0.35846,0.35044,0.37064,0.32417,0.3868,0.40019,0.40092,0.41598,0.44045,0.43769,0.4327,0.48038,0.5698,0.59854,1.0,0.23069,0.25995,0.27117,0.25292,0.25391,0.25125,0.25889,0.31817,0.25265,0.23676,0.24094,0.28319,0.28254,0.28182,0.2402,0.22703,0.2261,0.22753,0.21982,0.23111,0.22393,0.21772,0.23154,0.24719,0.24641,0.27468,0.25113,0.27309,0.30712,0.30692,0.2742,0.24361,0.25802,0.22725,0.24919,0.22648,0.21954,0.25792,0.27302,0.26065,0.25699,0.23691,0.23465,0.27398,0.28651,0.28985,0.29867,0.30488,0.2364,0.21001,0.23922,0.28462,0.26254,0.12633,0.18606,0.13739,0.16948,0.1624,0.25432,0.23581,0.18592,0.20167,0.18594,0.22859,0.34311,0.23661,0.20404,0.22815,0.2359,0.03957,0.05601,0.10116,0.10504,0.07837,0.08097,0.10373,0.03195,0.04384,0.00666,0.01319,0.01387],[0.00066,0.1966,0.21516,0.18023,0.17738,0.17046,0.19823,0.22924,0.2176,0.19126,0.1908,0.22437,0.18082,0.20082,0.2145,0.21069,0.24223,0.23027,0.26049,0.23949,0.22692,0.23763,0.23069,1.0,0.50362,0.26746,0.32132,0.317,0.31555,0.29282,0.2731,0.29965,0.30645,0.29834,0.25006,0.25729,0.253,0.15361,0.15111,0.17513,0.17323,0.17829,0.19476,0.18939,0.21244,0.20181,0.14574,0.16281,0.21221,0.19171,0.17447,0.20668,0.22244,0.21317,0.215,0.208,0.19989,0.22834,0.21141,0.2117,0.24244,0.24101,0.23017,0.21799,0.21765,0.20595,0.21692,0.20823,0.22478,0.21803,0.20723,0.13677,0.11561,0.14553,0.17562,0.15885,0.06884,0.10726,0.079,0.09543,0.09291,0.16034,0.14137,0.10674,0.17745,0.10825,0.16678,0.1917,0.1257,0.11014,0.12311,0.12742,0.02229,0.0294,0.05636,0.05891,0.04309,0.04538,0.05736,0.01786,0.02494,0.00375,0.00842,0.00758],[0.001,0.24873,0.25845,0.23876,0.23188,0.23638,0.2483,0.27171,0.25958,0.24117,0.24467,0.2423,0.22626,0.23457,0.23493,0.24485,0.24657,0.24222,0.22088,0.26006,0.25328,0.25385,0.25995,0.50362,1.0,0.24586,0.32599,0.32866,0.32499,0.28331,0.37436,0.29881,0.2698,0.27656,0.40544,0.32012,0.31926,0.186,0.17519,0.17795,0.17862,0.17356,0.18594,0.17846,0.17885,0.18516,0.17559,0.1742,0.20129,0.18643,0.20553,0.22473,0.22302,0.20078,0.17807,0.18893,0.16677,0.19168,0.17287,0.16684,0.19891,0.20801,0.19734,0.18949,0.17499,0.16905,0.19998,0.20057,0.20476,0.20737,0.22288,0.17791,0.15111,0.17782,0.19597,0.18681,0.09387,0.14068,0.1065,0.13434,0.12877,0.19644,0.18459,0.14709,0.23116,0.15274,0.24845,0.25861,0.17745,0.16168,0.17685,0.18129,0.03323,0.04434,0.07999,0.08559,0.06281,0.0684,0.08439,0.02704,0.03723,0.00563,0.01271,0.01147],[0.00076,0.24894,0.29532,0.22286,0.22156,0.21926,0.26208,0.30459,0.29961,0.25381,0.24657,0.27754,0.20756,0.22755,0.24274,0.24404,0.27709,0.26501,0.30223,0.28471,0.26248,0.27709,0.27117,0.26746,0.24586,1.0,0.32828,0.32161,0.31899,0.33166,0.29901,0.33142,0.32943,0.32857,0.2715,0.28694,0.28038,0.17449,0.17148,0.2005,0.19829,0.20056,0.21789,0.21262,0.2321,0.22455,0.18133,0.20758,0.26588,0.23259,0.2064,0.26924,0.30815,0.25197,0.26355,0.26135,0.25098,0.282,0.25641,0.26046,0.30559,0.29963,0.28277,0.29449,0.2875,0.26701,0.27126,0.25925,0.28406,0.28323,0.25274,0.16811,0.14199,0.1783,0.22848,0.19505,0.08394,0.1241,0.08974,0.10925,0.10622,0.18528,0.16007,0.12264,0.14749,0.14464,0.18752,0.22294,0.15381,0.13339,0.14729,0.15081,0.02452,0.03287,0.06646,0.07267,0.05025,0.05595,0.06395,0.02021,0.02873,0.00408,0.0082,0.00837],[0.00056,0.22547,0.25805,0.21813,0.2039,0.20175,0.24111,0.29474,0.27576,0.24941,0.23673,0.28467,0.19135,0.21642,0.23196,0.2232,0.27123,0.25535,0.3141,0.26938,0.25167,0.26084,0.25292,0.32132,0.32599,0.32828,1.0,0.77104,0.74624,0.52486,0.4497,0.45729,0.44724,0.44255,0.35917,0.32224,0.31514,0.14992,0.15064,0.17853,0.17548,0.1865,0.20334,0.19976,0.23611,0.21438,0.14843,0.17518,0.2392,0.21334,0.17701,0.22052,0.2468,0.23093,0.25247,0.24161,0.23522,0.2751,0.25072,0.25453,0.28635,0.27065,0.25683,0.25705,0.2623,0.24574,0.24382,0.22945,0.25634,0.24827,0.20699,0.12901,0.11689,0.15065,0.19244,0.16722,0.06682,0.10299,0.07379,0.08901,0.08627,0.15504,0.13231,0.10103,0.12856,0.10256,0.18648,0.18292,0.1321,0.11666,0.12435,0.12738,0.01931,0.02616,0.05278,0.05666,0.03843,0.04064,0.05188,0.01543,0.02286,0.00326,0.0066,0.00665],[0.00057,0.2277,0.25488,0.22236,0.20659,0.20502,0.24169,0.29789,0.27629,0.25032,0.23815,0.28827,0.19532,0.21983,0.23653,0.22778,0.27505,0.25874,0.31426,0.27388,0.25381,0.26207,0.25391,0.317,0.32866,0.32161,0.77104,1.0,0.87129,0.53483,0.4625,0.42979,0.44506,0.42961,0.35747,0.31456,0.30802,0.15447,0.15367,0.18217,0.17929,0.18944,0.2074,0.20342,0.24154,0.21842,0.14971,0.17593,0.23985,0.21164,0.17762,0.21644,0.24281,0.23002,0.25086,0.23819,0.23282,0.27278,0.24951,0.2512,0.2806,0.26722,0.25374,0.25159,0.25648,0.24148,0.24407,0.22635,0.25203,0.24476,0.20947,0.13066,0.11517,0.1483,0.18751,0.16472,0.06661,0.10304,0.07469,0.09105,0.0882,0.15874,0.13669,0.10249,0.13096,0.10404,0.18472,0.18858,0.13501,0.11826,0.12778,0.13085,0.02008,0.027,0.05335,0.05796,0.0394,0.04139,0.0537,0.01576,0.02311,0.00334,0.00684,0.00685],[0.00056,0.22419,0.24969,0.2197,0.20368,0.20139,0.23676,0.29366,0.27165,0.2458,0.23441,0.28688,0.19392,0.21811,0.23487,0.22631,0.27374,0.25771,0.31588,0.27118,0.25193,0.26042,0.25125,0.31555,0.32499,0.31899,0.74624,0.87129,1.0,0.5294,0.45533,0.42792,0.44653,0.4294,0.35199,0.31091,0.30436,0.15439,0.1532,0.1824,0.1795,0.19028,0.20821,0.20445,0.24399,0.21962,0.14888,0.17592,0.24027,0.2123,0.1769,0.2152,0.24174,0.23007,0.25228,0.23883,0.23502,0.27395,0.25138,0.25383,0.2824,0.26764,0.25474,0.25113,0.25893,0.24386,0.24444,0.22618,0.25274,0.24485,0.20848,0.1292,0.11312,0.14666,0.18639,0.16278,0.06568,0.10136,0.07419,0.09031,0.08736,0.15778,0.1355,0.10132,0.12963,0.10239,0.18166,0.18652,0.13339,0.11653,0.12619,0.12904,0.01983,0.02658,0.05271,0.05734,0.03908,0.04094,0.05299,0.01554,0.02266,0.00329,0.0067,0.00675],[0.00051,0.23309,0.26838,0.21872,0.20984,0.19765,0.24497,0.29953,0.28131,0.25004,0.24125,0.29887,0.19213,0.22528,0.24269,0.22853,0.28636,0.26836,0.34714,0.27997,0.25579,0.2705,0.25889,0.29282,0.28331,0.33166,0.52486,0.53483,0.5294,1.0,0.55862,0.49312,0.52165,0.50113,0.34196,0.34263,0.33216,0.14653,0.14528,0.17786,0.17395,0.18581,0.20388,0.20083,0.24019,0.21759,0.14755,0.18049,0.24965,0.22654,0.17621,0.22293,0.25599,0.23794,0.27317,0.25175,0.25385,0.29048,0.26749,0.27477,0.30458,0.28036,0.26674,0.27375,0.28234,0.26537,0.25985,0.23591,0.26662,0.25766,0.20606,0.12317,0.11016,0.14712,0.19101,0.16384,0.06327,0.09656,0.06841,0.08453,0.08055,0.15038,0.12644,0.09544,0.11412,0.09595,0.1805,0.17445,0.13083,0.11169,0.1209,0.12375,0.01775,0.02458,0.05005,0.05427,0.03564,0.03695,0.04825,0.01393,0.02052,0.00289,0.00582,0.00605],[0.00088,0.30352,0.32529,0.28661,0.27642,0.27196,0.3054,0.34686,0.32679,0.30368,0.30489,0.31243,0.25795,0.28105,0.28479,0.28724,0.30878,0.2992,0.29114,0.32545,0.30697,0.31152,0.31817,0.2731,0.37436,0.29901,0.4497,0.4625,0.45533,0.55862,1.0,0.41063,0.38142,0.38869,0.46147,0.39729,0.39617,0.19499,0.18408,0.19498,0.19484,0.19475,0.20941,0.20328,0.21201,0.21378,0.18975,0.20091,0.24382,0.22405,0.22503,0.25718,0.26556,0.23659,0.22624,0.23172,0.21015,0.24055,0.21683,0.21114,0.2483,0.25125,0.2376,0.2372,0.2223,0.21503,0.24535,0.23821,0.25083,0.25209,0.24461,0.1797,0.1573,0.19184,0.22443,0.20708,0.09293,0.14166,0.10274,0.13101,0.12385,0.20404,0.18587,0.14532,0.17585,0.14847,0.26973,0.26979,0.19017,0.16822,0.18338,0.18877,0.03007,0.04138,0.07746,0.08553,0.05841,0.06219,0.07976,0.024,0.03421,0.00501,0.0102,0.01039],[0.00062,0.23443,0.27178,0.2309,0.21503,0.21022,0.24908,0.29769,0.28156,0.24918,0.24003,0.30168,0.1974,0.21831,0.23131,0.22855,0.26498,0.25273,0.29513,0.27463,0.24896,0.2598,0.25265,0.29965,0.29881,0.33142,0.45729,0.42979,0.42792,0.49312,0.41063,1.0,0.7687,0.76854,0.43967,0.52121,0.51077,0.15931,0.15509,0.17975,0.17722,0.18477,0.20112,0.1966,0.22401,0.21063,0.15497,0.18043,0.23681,0.2221,0.18818,0.23737,0.26109,0.22705,0.24426,0.2379,0.22961,0.2641,0.23966,0.24279,0.2807,0.26244,0.24783,0.25363,0.2549,0.23655,0.24419,0.22466,0.25152,0.24624,0.21117,0.13668,0.12184,0.16111,0.19896,0.17322,0.07144,0.10841,0.0778,0.09777,0.0922,0.16307,0.14197,0.11078,0.13287,0.11356,0.23388,0.19844,0.14704,0.12777,0.13631,0.14021,0.02121,0.0289,0.05726,0.06159,0.04142,0.04469,0.05639,0.01673,0.02443,0.0035,0.00707,0.00728],[0.00054,0.21668,0.25382,0.21397,0.19714,0.18972,0.22895,0.28021,0.26404,0.23132,0.22215,0.29522,0.18228,0.20405,0.22123,0.21401,0.2583,0.2444,0.30922,0.26555,0.23559,0.24859,0.23676,0.30645,0.2698,0.32943,0.44724,0.44506,0.44653,0.52165,0.38142,0.7687,1.0,0.7792,0.37565,0.45783,0.44763,0.14909,0.14561,0.17632,0.17309,0.18324,0.2012,0.19805,0.23559,0.21404,0.14481,0.17649,0.23693,0.2223,0.1764,0.22639,0.25637,0.22862,0.25793,0.24116,0.24195,0.27668,0.2545,0.261,0.29607,0.26917,0.25548,0.26159,0.27062,0.24999,0.24858,0.22295,0.2526,0.24496,0.20219,0.12344,0.10844,0.14749,0.18599,0.16071,0.06391,0.09766,0.0699,0.08742,0.08232,0.15125,0.12925,0.09915,0.11941,0.10116,0.20359,0.17747,0.13303,0.11358,0.12145,0.12506,0.01854,0.02505,0.05091,0.05459,0.03654,0.03876,0.0495,0.01442,0.02094,0.00302,0.00611,0.00635],[0.00055,0.22193,0.26087,0.21878,0.20264,0.19765,0.23861,0.2848,0.27035,0.2381,0.22751,0.29957,0.1874,0.20928,0.2253,0.21773,0.25941,0.24553,0.30079,0.26627,0.24168,0.25125,0.24094,0.29834,0.27656,0.32857,0.44255,0.42961,0.4294,0.50113,0.38869,0.76854,0.7792,1.0,0.39397,0.4815,0.4688,0.15336,0.15062,0.17727,0.1745,0.18411,0.20127,0.19748,0.23104,0.21333,0.15012,0.1812,0.23924,0.22693,0.18332,0.22956,0.25701,0.23115,0.255,0.2426,0.23988,0.27399,0.25136,0.25513,0.28879,0.26423,0.2507,0.26114,0.2646,0.24541,0.24905,0.22445,0.25151,0.24526,0.20412,0.12744,0.11375,0.15561,0.1909,0.16746,0.06744,0.10199,0.07285,0.09165,0.08617,0.15496,0.13408,0.10248,0.1239,0.10494,0.21624,0.18449,0.13773,0.11839,0.12635,0.12989,0.01945,0.02627,0.05349,0.05708,0.03834,0.04068,0.05193,0.01522,0.0222,0.00321,0.0064,0.00666],[0.00119,0.29527,0.31291,0.2949,0.2785,0.2898,0.2961,0.31901,0.30677,0.28966,0.2933,0.28226,0.2572,0.25658,0.2521,0.26893,0.25915,0.2585,0.22352,0.28577,0.27507,0.27084,0.28319,0.25006,0.40544,0.2715,0.35917,0.35747,0.35199,0.34196,0.46147,0.43967,0.37565,0.39397,1.0,0.56556,0.59527,0.2098,0.19138,0.18475,0.18641,0.17936,0.1897,0.18237,0.1787,0.18811,0.1972,0.19065,0.20997,0.20138,0.23231,0.254,0.24728,0.20532,0.18212,0.19694,0.17085,0.19667,0.17492,0.16795,0.20545,0.21188,0.19942,0.19867,0.17971,0.17301,0.20893,0.20835,0.2129,0.21927,0.23793,0.20395,0.17535,0.20581,0.21995,0.21113,0.11064,0.16379,0.12286,0.16094,0.15033,0.21898,0.21232,0.17544,0.21849,0.18622,0.38336,0.30516,0.2208,0.20269,0.21512,0.22113,0.04009,0.05294,0.09561,0.1035,0.07477,0.08305,0.10133,0.03214,0.04434,0.00682,0.01405,0.01395],[0.00108,0.28638,0.31073,0.27947,0.26637,0.26912,0.28682,0.31143,0.30258,0.2749,0.28123,0.28869,0.24921,0.25273,0.25296,0.26769,0.26568,0.26186,0.23732,0.29026,0.2723,0.27612,0.28254,0.25729,0.32012,0.28694,0.32224,0.31456,0.31091,0.34263,0.39729,0.52121,0.45783,0.4815,0.56556,1.0,0.66652,0.20294,0.18706,0.18793,0.18969,0.18271,0.19469,0.18754,0.18606,0.19422,0.19266,0.19279,0.21836,0.2117,0.23043,0.26204,0.26008,0.21474,0.19528,0.20721,0.18372,0.20953,0.18727,0.18191,0.22171,0.22431,0.21094,0.21322,0.19468,0.1855,0.22056,0.21483,0.22298,0.22805,0.23826,0.19562,0.16818,0.20338,0.22135,0.2093,0.10438,0.15605,0.11555,0.1514,0.14047,0.21329,0.2014,0.1668,0.20492,0.17477,0.37146,0.28903,0.20962,0.18836,0.20135,0.20817,0.03686,0.04882,0.08991,0.09611,0.06906,0.0767,0.09282,0.02959,0.04071,0.00618,0.01274,0.01281],[0.00113,0.28993,0.31364,0.28682,0.27069,0.27588,0.28826,0.31144,0.30211,0.27759,0.28413,0.28645,0.2519,0.25281,0.25089,0.26649,0.26058,0.25868,0.23152,0.28675,0.27257,0.27247,0.28182,0.253,0.31926,0.28038,0.31514,0.30802,0.30436,0.33216,0.39617,0.51077,0.44763,0.4688,0.59527,0.66652,1.0,0.20746,0.18962,0.18594,0.18725,0.1809,0.19229,0.18538,0.18299,0.19185,0.19369,0.19306,0.21402,0.20858,0.2317,0.2604,0.25645,0.21151,0.19048,0.20308,0.17953,0.20448,0.1825,0.17685,0.21664,0.21939,0.2065,0.20796,0.18964,0.18148,0.21579,0.21247,0.21914,0.22481,0.23898,0.19995,0.17086,0.20601,0.22099,0.20997,0.10688,0.16044,0.11849,0.15593,0.14416,0.2156,0.20697,0.17037,0.20859,0.17989,0.3831,0.29691,0.21482,0.19385,0.20699,0.2133,0.03796,0.05039,0.09248,0.09904,0.07085,0.07891,0.0961,0.03041,0.04157,0.00638,0.01321,0.01314],[0.00149,0.24422,0.22485,0.23709,0.24763,0.23698,0.23028,0.21948,0.21376,0.20962,0.22633,0.21646,0.2621,0.26738,0.26147,0.25865,0.2387,0.23749,0.17855,0.23689,0.23794,0.2363,0.2402,0.15361,0.186,0.17449,0.14992,0.15447,0.15439,0.14653,0.19499,0.15931,0.14909,0.15336,0.2098,0.20294,0.20746,1.0,0.40358,0.3378,0.34082,0.32741,0.32087,0.31874,0.27338,0.31244,0.26527,0.24506,0.24054,0.20545,0.25722,0.225,0.19943,0.19232,0.16784,0.19511,0.17083,0.17671,0.17269,0.15669,0.16939,0.17945,0.17492,0.16493,0.15499,0.16128,0.20944,0.19693,0.19871,0.2068,0.2575,0.24522,0.19308,0.21873,0.21716,0.21914,0.16547,0.18731,0.21912,0.24188,0.25046,0.35021,0.34969,0.19984,0.20912,0.19549,0.20733,0.32581,0.23209,0.19886,0.23114,0.23979,0.05151,0.07161,0.12712,0.12485,0.10113,0.09866,0.15672,0.04302,0.0565,0.00858,0.01764,0.01743],[0.00122,0.22529,0.20647,0.21271,0.21968,0.21694,0.21965,0.20631,0.20149,0.20237,0.20709,0.20472,0.24118,0.24318,0.27016,0.24217,0.23806,0.23316,0.18514,0.22761,0.23845,0.22806,0.22703,0.15111,0.17519,0.17148,0.15064,0.15367,0.1532,0.14528,0.18408,0.15509,0.14561,0.15062,0.19138,0.18706,0.18962,0.40358,1.0,0.45086,0.46146,0.45615,0.45041,0.44564,0.37467,0.42161,0.26461,0.26901,0.28054,0.20417,0.23744,0.22283,0.2029,0.2144,0.19359,0.23433,0.195,0.21241,0.20841,0.18611,0.19213,0.20152,0.19537,0.18056,0.1727,0.17489,0.22241,0.21187,0.2101,0.21834,0.24071,0.2128,0.18507,0.21462,0.21683,0.22955,0.16303,0.17684,0.2304,0.20876,0.26003,0.36457,0.31725,0.16903,0.18214,0.16425,0.18018,0.27659,0.19886,0.16901,0.19524,0.20168,0.04228,0.05892,0.11309,0.10236,0.08538,0.08118,0.12983,0.03567,0.04933,0.00686,0.01449,0.0144],[0.00078,0.20712,0.19944,0.19142,0.19594,0.18646,0.2049,0.21116,0.20202,0.19193,0.19334,0.22035,0.21241,0.23318,0.2658,0.23762,0.25657,0.2423,0.22417,0.23854,0.2342,0.23696,0.2261,0.17513,0.17795,0.2005,0.17853,0.18217,0.1824,0.17786,0.19498,0.17975,0.17632,0.17727,0.18475,0.18793,0.18594,0.3378,0.45086,1.0,0.69898,0.64031,0.67215,0.63636,0.52261,0.59811,0.22071,0.25834,0.29761,0.22612,0.21372,0.22535,0.21915,0.25053,0.24251,0.27966,0.24219,0.2645,0.26227,0.24266,0.24264,0.24818,0.24176,0.21831,0.22183,0.22202,0.2654,0.23958,0.24731,0.24903,0.25005,0.17447,0.14631,0.18519,0.20703,0.20684,0.11555,0.13694,0.1734,0.14648,0.1808,0.34244,0.25408,0.13122,0.14736,0.12324,0.14529,0.22128,0.15501,0.1277,0.15004,0.15676,0.02785,0.0386,0.0796,0.07236,0.05749,0.05451,0.08382,0.02305,0.03201,0.00452,0.0093,0.00943],[0.00079,0.2111,0.20134,0.19384,0.1988,0.19042,0.20682,0.21179,0.20283,0.19379,0.1957,0.21897,0.21643,0.23526,0.26781,0.23911,0.256,0.243,0.22069,0.23927,0.23692,0.23843,0.22753,0.17323,0.17862,0.19829,0.17548,0.17929,0.1795,0.17395,0.19484,0.17722,0.17309,0.1745,0.18641,0.18969,0.18725,0.34082,0.46146,0.69898,1.0,0.62274,0.65985,0.63137,0.50823,0.58777,0.22288,0.25682,0.2922,0.22257,0.21648,0.22673,0.21924,0.24771,0.23575,0.27345,0.23471,0.25767,0.25388,0.23466,0.23711,0.24417,0.23674,0.21395,0.21526,0.21492,0.25898,0.23725,0.24303,0.24617,0.24898,0.17794,0.15032,0.18783,0.20853,0.2089,0.11913,0.13986,0.18278,0.15135,0.18812,0.3514,0.26248,0.1353,0.1532,0.12683,0.14866,0.22627,0.15975,0.13178,0.15409,0.16096,0.02897,0.04042,0.08247,0.07506,0.05988,0.05652,0.08714,0.02402,0.03362,0.0047,0.0098,0.00999],[0.00072,0.19872,0.19231,0.18294,0.18672,0.17691,0.19965,0.20721,0.1975,0.18776,0.18552,0.22084,0.20359,0.22767,0.26646,0.22871,0.256,0.24274,0.23223,0.23319,0.23117,0.23222,0.21982,0.17829,0.17356,0.20056,0.1865,0.18944,0.19028,0.18581,0.19475,0.18477,0.18324,0.18411,0.17936,0.18271,0.1809,0.32741,0.45615,0.64031,0.62274,1.0,0.7137,0.70919,0.6161,0.64849,0.21446,0.26109,0.31129,0.22938,0.20609,0.21849,0.21731,0.25513,0.25773,0.29354,0.25863,0.28068,0.28167,0.26054,0.2532,0.25516,0.2496,0.22627,0.23382,0.23373,0.27117,0.24296,0.25363,0.25242,0.24082,0.16093,0.13832,0.17698,0.20371,0.20112,0.10951,0.12787,0.15851,0.13492,0.16703,0.31235,0.23422,0.12125,0.1342,0.11195,0.13627,0.20703,0.1435,0.11768,0.13793,0.14339,0.02523,0.03489,0.07378,0.06573,0.05228,0.04843,0.07686,0.02058,0.02927,0.00393,0.00815,0.00842],[0.0007,0.20482,0.20214,0.18817,0.19087,0.18044,0.207,0.22136,0.2086,0.19505,0.19209,0.23565,0.20842,0.23514,0.27759,0.23801,0.27409,0.25671,0.25323,0.24874,0.24429,0.24716,0.23111,0.19476,0.18594,0.21789,0.20334,0.2074,0.20821,0.20388,0.20941,0.20112,0.2012,0.20127,0.1897,0.19469,0.19229,0.32087,0.45041,0.67215,0.65985,0.7137,1.0,0.74938,0.66187,0.69171,0.21287,0.26512,0.32911,0.23855,0.20827,0.22712,0.23001,0.27043,0.27643,0.31088,0.27532,0.30347,0.30287,0.28038,0.27371,0.27536,0.26865,0.24404,0.2521,0.24978,0.2882,0.25476,0.26859,0.26703,0.24794,0.15836,0.13651,0.17632,0.20752,0.20255,0.10444,0.12587,0.15321,0.13067,0.16109,0.31126,0.22975,0.11851,0.13482,0.11055,0.13886,0.20957,0.14165,0.1158,0.13587,0.14142,0.02428,0.03325,0.07077,0.06384,0.04984,0.04661,0.07338,0.01937,0.02784,0.00375,0.0078,0.00801],[0.00064,0.19857,0.19507,0.18303,0.1863,0.17473,0.20118,0.2146,0.20223,0.19036,0.18664,0.23108,0.20247,0.23038,0.27373,0.23164,0.26849,0.2507,0.25051,0.24175,0.23721,0.24016,0.22393,0.18939,0.17846,0.21262,0.19976,0.20342,0.20445,0.20083,0.20328,0.1966,0.19805,0.19748,0.18237,0.18754,0.18538,0.31874,0.44564,0.63636,0.63137,0.70919,0.74938,1.0,0.68167,0.6911,0.20998,0.26272,0.32548,0.23644,0.20469,0.22046,0.22398,0.2659,0.27523,0.30795,0.27482,0.30117,0.30181,0.27995,0.27016,0.27015,0.26415,0.24004,0.25006,0.24835,0.28375,0.2504,0.2647,0.26305,0.24264,0.15436,0.13241,0.17308,0.20281,0.1978,0.10257,0.1226,0.1497,0.12759,0.15689,0.30207,0.22445,0.11533,0.13015,0.1069,0.13379,0.20263,0.1381,0.11298,0.13279,0.13782,0.02355,0.03258,0.06892,0.06283,0.04866,0.04531,0.07158,0.01891,0.02702,0.00371,0.00764,0.00786],[0.00052,0.18331,0.18662,0.16987,0.16946,0.15812,0.19196,0.21502,0.1989,0.18398,0.17464,0.2396,0.1842,0.21715,0.26761,0.21837,0.27517,0.25357,0.28922,0.24129,0.2349,0.23884,0.21772,0.21244,0.17885,0.2321,0.23611,0.24154,0.24399,0.24019,0.21201,0.22401,0.23559,0.23104,0.1787,0.18606,0.18299,0.27338,0.37467,0.52261,0.50823,0.6161,0.66187,0.68167,1.0,0.69208,0.19022,0.25278,0.34958,0.23884,0.18521,0.21057,0.22603,0.27676,0.31417,0.3298,0.31016,0.34666,0.35084,0.3304,0.30978,0.29785,0.29105,0.26547,0.2893,0.28236,0.29912,0.25577,0.28174,0.2717,0.22678,0.13004,0.11407,0.15268,0.1906,0.18035,0.0857,0.10443,0.11876,0.10462,0.12665,0.2497,0.18424,0.09629,0.11018,0.08863,0.11986,0.17569,0.11685,0.09516,0.11131,0.11569,0.01871,0.02582,0.05631,0.05145,0.0391,0.0359,0.0573,0.01465,0.02154,0.00286,0.00591,0.00614],[0.00063,0.20177,0.20069,0.18541,0.18738,0.176,0.20616,0.22195,0.20835,0.19559,0.18938,0.23981,0.20427,0.23284,0.27719,0.23614,0.27819,0.26096,0.26814,0.25067,0.24658,0.24816,0.23154,0.20181,0.18516,0.22455,0.21438,0.21842,0.21962,0.21759,0.21378,0.21063,0.21404,0.21333,0.18811,0.19422,0.19185,0.31244,0.42161,0.59811,0.58777,0.64849,0.69171,0.6911,0.69208,1.0,0.20622,0.25936,0.33214,0.24184,0.20503,0.22692,0.23444,0.27597,0.28609,0.31194,0.28244,0.31208,0.30989,0.29136,0.28593,0.28432,0.27611,0.25234,0.26337,0.25921,0.29416,0.2595,0.27537,0.27138,0.24931,0.15305,0.1314,0.17272,0.20529,0.19841,0.09698,0.12126,0.14799,0.12572,0.15403,0.30859,0.2268,0.11414,0.12798,0.10445,0.13462,0.20298,0.13565,0.111,0.12986,0.13524,0.02251,0.03116,0.06719,0.06066,0.04674,0.04342,0.06893,0.01803,0.02591,0.00351,0.00726,0.00756],[0.00147,0.24517,0.21994,0.23776,0.25073,0.24133,0.24225,0.22121,0.22182,0.22313,0.23398,0.21589,0.27251,0.26853,0.28376,0.25322,0.24949,0.25023,0.19545,0.2434,0.25637,0.24815,0.24719,0.14574,0.17559,0.18133,0.14843,0.14971,0.14888,0.14755,0.18975,0.15497,0.14481,0.15012,0.1972,0.19266,0.19369,0.26527,0.26461,0.22071,0.22288,0.21446,0.21287,0.20998,0.19022,0.20622,1.0,0.4037,0.35428,0.24548,0.2842,0.24752,0.22695,0.23779,0.22454,0.26646,0.23383,0.23488,0.23645,0.20768,0.21307,0.2227,0.22107,0.21689,0.20435,0.21724,0.25407,0.2543,0.25426,0.26593,0.26083,0.24459,0.23621,0.25371,0.279,0.28313,0.24789,0.20829,0.16505,0.20652,0.2093,0.26096,0.25174,0.18404,0.19386,0.18624,0.19441,0.29984,0.23124,0.19638,0.22773,0.23546,0.04872,0.06618,0.13787,0.13314,0.11417,0.09422,0.13096,0.04281,0.0593,0.0082,0.01666,0.01673],[0.00089,0.2257,0.21242,0.21915,0.22574,0.2104,0.23267,0.22859,0.22288,0.21926,0.22118,0.23891,0.24804,0.26059,0.29662,0.24847,0.27346,0.2672,0.2404,0.24992,0.2627,0.25935,0.24641,0.16281,0.1742,0.20758,0.17518,0.17593,0.17592,0.18049,0.20091,0.18043,0.17649,0.1812,0.19065,0.19279,0.19306,0.24506,0.26901,0.25834,0.25682,0.26109,0.26512,0.26272,0.25278,0.25936,0.4037,1.0,0.47592,0.31478,0.28051,0.26414,0.25814,0.32808,0.3569,0.42181,0.39251,0.36854,0.3967,0.34593,0.3056,0.30246,0.31255,0.31783,0.31904,0.33174,0.35014,0.3386,0.34083,0.34262,0.27189,0.20156,0.20308,0.24348,0.29285,0.29773,0.21327,0.17656,0.12622,0.15372,0.16026,0.24005,0.20852,0.13823,0